4.99657905714006	0.94413604259846	0.0699450801379351	0.04851953259622	0.0509417184161709	0.199781157039674	0.591848940851182	0.387460793876305	0.36766649631351	0.211584387720988	0.106508664111094	0.126710269512509	0.307533435239163	0.347227602509925	0.16722616502564
1.09725304830375	7.50625524221621	0.593503867566127	0.0750654042486629	0.0853743209633762	0.148025275055673	0.307238962815762	0.632554432703415	0.522235162093716	0.341646622992418	0.365842824821834	0.215846533963934	0.0575094415040441	0.357155462276577	0.30293032429631
0.089605306626032	0.654226140235522	8.1801130359236	0.470285936500328	0.13246757165269	0.15239537402786	0.337429528914158	0.309922783822164	0.56715614143352	0.538703317771513	0.389089024454998	0.135113753715231	0.133299389217701	0.260345176395566	0.257160509913611
0.0626540030952122	0.0834064860577018	0.474042903165158	7.73118676027117	0.676384219767059	0.297162094124762	0.147370496067189	0.191139680374882	0.379280995968235	0.426612835647688	0.525850356460206	0.293622915458463	0.161542221225126	0.100413117313535	0.19247768697489
0.0682400376337302	0.0984058031913976	0.138515598729245	0.701660321155745	5.51785851601201	1.69228316676499	0.528142307985192	0.366579605650625	0.224980315047635	0.381385845260513	0.435242558958897	0.42417685596416	0.243275521033259	0.182204017898931	0.098342953116733
0.275419241344152	0.175591468764136	0.163996651089991	0.317249501355538	1.74159480832407	2.36589905427033	1.71361852532479	0.750134292962983	0.517485345961375	0.447605459158686	0.62151908825239	0.565351071674363	0.631972252159676	0.236201315775365	0.227454214737326
0.861547986382583	0.384833320909937	0.383420319171789	0.166129564546179	0.573923343253318	1.80943502173001	1.76125815800962	1.17042470460696	0.550295229921123	0.822351950176806	0.629344645902005	0.660642887981761	0.688026537181025	0.567295767581223	0.224186612684326
0.607804146303356	0.85381067245948	0.379500926574593	0.232195893209162	0.4292778966377	0.853562173896234	1.26127787495048	1.47427003286995	0.792739399322362	0.753233979907842	0.630713293205779	0.436174755815024	0.586112499567106	0.791161956963558	0.294055485845851
0.662793705516095	0.81006190605311	0.798087299771546	0.52948442037011	0.302763259876762	0.676678879081832	0.681477419320347	0.911001029237897	1.13261114163265	0.942278879859118	0.695797855819905	0.442422972050406	0.578327446298773	0.309593206804194	0.474675265774718
0.445883433742834	0.619501883905341	0.886157280655716	0.69620865876884	0.599979790193209	0.684216178475223	1.19049300404515	1.01188632598443	1.10152118996688	1.79349437151323	1.31691491454539	1.07114064445143	0.648680903572703	0.352214969343831	0.534752291282467
0.230125308853427	0.680145407211093	0.656223636032743	0.879851550690494	0.702012968557406	0.974078964021673	0.934112947279397	0.868711432216739	0.833946545621903	1.35020417063126	1.56617066992277	1.27823745940934	0.939562697514766	0.290354262648702	0.460194332373365
0.262358720007649	0.384553305830379	0.218376896774743	0.470805382880856	0.65563931933824	0.849106479260976	0.939684051103541	0.575716028626745	0.50815597772762	1.0524281835107	1.2249427244489	1.15355533900946	0.961815283158767	0.322047338348021	0.309130243934119
0.542011273924856	0.0872133385627011	0.183386592855647	0.220480312143409	0.320072767661246	0.807930934914736	0.833014522621619	0.658508021272553	0.565412577826159	0.542512033360993	0.766412006735384	0.818698445012489	0.961324850333927	0.628747588840373	0.512494877852781
0.536573765165187	0.474897923732966	0.314042315239999	0.120163737343282	0.210187786200285	0.264763279600582	0.602221338175685	0.779371812602459	0.265388620495486	0.258276733418598	0.207665308943982	0.240353924961456	0.55128419939365	0.332371055587703	0.343616795660316
0.743023835493856	1.158161293518	0.891920683968568	0.662287702208229	0.326194094501376	0.733082328389231	0.684289054947136	0.83289816823657	1.16995942098093	1.12749195477118	0.946368626509443	0.663370757723313	1.29202841225155	0.988001732050606	0.93934050946185
