9.40692181524253
9.96986109948852
8.93881349570662
9.49131121152043
10.1643769835469
9.81190297834352
10.1172067330353
10.054615847911
9.15351536530779
9.40658515368427
9.77201894010312
10.3406796633052
9.68024412463259
10.1169737851952
9.71327493332228
10.457967734907
9.77416796036958
9.7639525699944
10.0376443435702
9.63880795792955
10.4778844872538
9.80655856832239
9.34969463641654
9.89265029961858
10.0056755422972
9.20647910447315
9.82810184521398
10.0854436823186
9.94756322182083
9.09645358548462
9.82666271357775
9.53921877180696
10.806508589241
9.44714029752363
10.6971219566042
9.26865658001289
9.24385587965318
9.47205714688185
9.73889102047125
9.28684384585775
9.78069291570846
9.24285241372849
9.84173650233551
9.77714127834086
8.89224157683272
8.87119595015421
9.15678219386238
10.0538232344476
9.91621432741007
9.84197078284378
9.91472462828758
9.57082640737861
9.65273492806104
9.41119645718485
10.093743066598
10.1722724401477
9.89120946207463
9.68274675135772
10.5905958505668
9.01201660780999
10.1831475364089
9.71402600271474
9.74102273424973
9.58775264722646
10.2650296204228
9.8212232916526
9.75556383801312
9.10659909468493
9.16430818894067
10.480523276884
9.75982330278254
10.3177388052717
9.74998275765707
9.48602939886192
9.16922810599999
9.35258959376642
9.76231296328382
10.3098460656828
9.97685342308819
9.38908881237903
9.38261851900946
9.79094519760922
10.8119714051619
10.0731717443416
9.59818135741641
9.83424452981023
9.38109091610543
9.59500544999824
9.77686364446955
9.77640506782175
9.5213016034004
9.18118074777969
9.90744038438886
9.19121844655712
9.07424055965413
9.22766455682859
10.3584601432979
9.85645548342102
9.05948444193284
10.6226970607001
9.66926696506422
9.98819399553644
9.50451727743132
9.6743223299004
10.4005940425624
9.60320852581164
10.1327581624026
10.2345006768838
9.681880391791
10.3973484061054
9.35577674990894
9.87861065662131
9.35754188957961
9.14773587008808
9.58997797934924
9.9565679734357
11.0283934670722
9.47848749415767
10.5886252984785
9.34742620441989
9.19536137677171
9.66015518354369
9.16513727991476
10.3342094757402
10.0709204110321
9.29751353279864
9.7096730973971
8.98866334051946
9.67965984043487
9.95667356509171
10.0044196465523
9.71350542637198
9.64921587350425
10.0970904239605
9.52829089525008
10.2536929381473
9.5509069433316
9.99201045267433
9.29802180191797
9.7928482253375
9.47252960140439
9.35049841851408
10.2161553426867
9.59236786039804
9.43683105532455
9.48377034731624
9.63399665868853
9.53481072583295
9.07623000654101
9.34357138224403
9.41370626226393
9.38069766592161
9.44922976599618
9.74902024968118
9.23489901119279
9.31070133861116
9.67563041919678
10.1768574800398
9.64269971538602
9.38967929197345
9.63451632846239
9.75761490802857
9.25655355923289
9.83282968094287
10.8464516317942
10.0810137277188
9.35880691326155
9.17429971449263
9.52931477373158
9.94646615092841
9.01647691646337
10.2181303362311
9.09209808671993
9.72848084083063
10.1637497793775
9.79714718667273
10.4412243126828
9.71395197258155
9.59687134363867
9.41994001994681
9.39988045804046
9.56513957994117
9.61532698434513
9.12234661244248
10.2907776208197
9.34849975837169
9.49929188258674
10.126903899993
9.76310086805145
9.73976015800022
10.4454270734209
10.0256304774755
10.3333632855669
9.78084783123895
9.60948874223388
9.27802720728888
9.94437041864698
9.93551648390525
9.64952777149207
9.46865421961956
10.4221836326041
9.24294486025521
9.71371793848466
10.0599252503219
9.50820201998007
9.63281196589632
9.62480058002184
9.69507214384576
10.0430142167229
9.66349149724323
9.14326656626541
9.52764828067389
9.65553530964128
9.81266989009878
10.1972226922
9.52923129853764
10.2159501712458
9.89799926489612
9.71918428707423
9.66614094055622
9.98905018763493
9.51560151341748
9.4367453193789
9.27673205937312
10.2141212689192
9.56706528737036
10.1336273764514
9.45491529490234
9.71784402312108
9.91457872015356
9.53678732461678
9.67234859325571
10.5821516663158
9.49734557042451
9.14256215043895
9.17628170254823
9.63903039917008
9.99898731517221
9.62774802844577
9.11355211127201
10.5422873547701
9.53169470467346
9.04173267439362
9.32685425337674
9.69969905873999
9.44275579234506
9.30296920369846
9.18094231915743
10.0011946926095
9.17053340563753
9.24172059197309
9.53265424977709
9.36254448749685
8.97320403390691
9.64444121021546
10.1172514579548
9.77952212460203
10.5457387597103
9.56108869938392
10.0352812648139
9.032863262891
9.47583465620267
9.70981531232835
9.53378115909216
9.65732051749478
10.808809854554
9.42345397134107
10.2037656486599
9.23030631052432
9.66201113038495
9.51877937486103
9.50856863039298
9.39604810728836
9.26920812378159
9.6172680574516
9.9956908079942
9.76824475575227
9.57025296071565
9.49090708823736
10.2854239114946
10.2606077668362
9.56033826121022
9.45700147340552
9.73520958399317
9.62917224883996
9.74299511155694
9.48788454962103
9.612352869766
9.68789408560677
9.2868367961007
9.11206372321534
9.7529079170439
9.7022810240386
9.4335448362254
9.34925431230119
10.1273871985515
9.56052620912157
9.29624781571992
9.542080630074
9.54161532589993
9.1025599243126
9.64421599141625
9.66292706931896
9.42365465845655
9.88991840514409
9.598908212661
9.84193882645511
9.53761500750009
9.75345991229646
9.6854876794827
9.71642512042327
9.66795790022761
9.36803981991648
9.78220139195372
10.0537098813034
9.61931690233236
10.1515360019478
9.48869041114731
9.74172142409861
9.29186078808026
10.3598279126873
9.94397978797301
10.00369109453
9.55960923850461
9.30185532047868
9.96549896406708
9.47306459388932
9.67335222151704
9.52451905125159
9.41248020077879
9.35360310124697
9.81415451282179
9.31120145953572
10.1631316391755
9.5198509919956
9.33375326908128
9.08235461113282
9.58773145251927
10.0328732612742
9.54558293413704
9.67083278621277
9.93584056855333
9.24988334241621
9.53189140838781
9.29451342698063
9.8675461336045
9.32454045275176
9.42232013869106
9.59102272907812
9.52594006596303
9.7543233275015
9.42856237475522
9.7269180196711
10.2507371258374
9.8820070325036
9.7447889138602
9.09360660460344
9.21512696929904
9.9397800517602
9.56491030948954
9.23496773413449
9.93328976526663
9.93608351498491
9.3138403917528
9.57789725806768
9.11681749233764
9.92474212716358
8.88426060051024
10.0212290437072
10.5893006987403
10.4882112597751
9.34597872283578
9.26800539748861
9.42676077246148
9.65833271212142
9.56021017677814
9.6787272756683
9.33176551487983
9.48657827318763
9.84767866606261
9.39820399961553
9.23998947925206
9.51922395142225
9.8727610943537
8.85805901901044
9.49093852319904
9.12726322640573
9.456645168609
9.71140811064974
9.82277651152122
9.76780606345899
9.14342793384583
9.89850358538232
9.08597797082524
9.36050610732356
9.70041843275839
10.0600494552959
9.59259088504268
9.29745440975251
9.98002448101487
9.30519510249952
9.70830279003977
9.66862133945254
9.29172650259184
9.879162755363
10.0111818124987
9.71137967359609
9.62978754645734
9.19788230931961
9.79678267622374
9.8660984838672
9.74470950671346
9.97712615585115
9.5524241693849
9.55831122791851
9.76186004167434
9.74017288979441
9.72198837441566
10.1570961497567
9.89221290915393
9.68572370358238
10.565977566333
9.46339903324913
9.82447741936437
9.47807809241285
9.86709661406646
9.8356888345974
9.83382561488564
9.4842622600335
9.43436564626574
9.11929722694881
10.0630234547972
10.2647258663757
10.2366058966912
9.75397087152033
9.66825097067249
8.77327724264806
9.46498930290886
9.76691569875684
9.50483967385328
9.72373274804914
9.37697398591058
9.59453545417521
9.9390436826495
9.25652841639034
9.4602405483434
9.57311534775478
10.4150225969462
10.0967601845675
9.41569222609691
9.81947217109124
9.79841872639541
9.39417903594973
9.1743558768376
9.70246243536842
10.2444858615615
9.78850704639092
9.2942179438824
9.43715097080049
9.69596418653969
9.93963064620508
9.63861767009548
9.42223177476172
9.93825525990359
9.29910741905411
9.85110061239221
9.35187136297447
9.37257262467015
9.37943181687162
9.69890583384909
9.61652134902806
10.4357801473538
9.74094873289281
9.82230710574378
9.81241096200268
9.2522612163403
10.1536781579621
9.44842589762524
9.33119138812198
9.36682981857262
9.24763114650283
10.5197621688313
10.0651054824718
9.81850177558955
9.46107449229578
9.39439065045134
10.0836107692129
9.05208559737152
9.33583144393796
9.66144992429756
9.5264286183523
10.1020412448753
9.40249392276377
9.75026306799098
9.49847014908029
9.52496999530467
9.5179959622937
9.54793505070392
9.21876655219676
9.18736870158174
9.82513767295684
9.6689523197383
9.8190776819654
9.54841548176485
9.45477225025146
10.1835360673047
9.7916835973561
10.0053562263479
9.6527194189752
9.39691174588642
9.36960232379757
10.0399130439205
9.8185786691322
9.30524999880196
9.2539403274863
10.1597917029634
9.93281114215562
9.80736923271461
9.63668273206448
10.1712443058112
9.69469263456085
9.17766506059196
10.0888825346138
9.303697096179
9.51272989252752
9.82290121126328
10.143761680593
9.8387494985763
10.0426438195664
9.54419577077588
9.2236235207597
9.72834479190541
9.70176071701234
9.28767132142986
9.88442210994046
10.007343831764
9.12025525022812
9.81801678862338
10.0541975305517
8.93958136079979
10.3717624762654
10.0737293979711
9.36840149652254
9.50716786354926
9.78375843896547
10.0604018741805
9.42395154976914
9.75240848920498
9.93210276969393
10.0882576492193
9.43784147855463
9.25681336146743
9.40075903642118
8.88012193266146
10.2668707031904
9.6585273713444
9.96151643349476
9.61803769805162
9.0315014131615
9.11415577301075
9.42632680226771
9.58490906455714
9.67349048922948
9.82909753385083
9.68412142638357
9.81356116461817
10.5502758043078
9.70689617410567
9.38281852640758
9.22348437576382
9.41228336914895
9.52053288771906
9.35700875339872
9.49108901588098
9.85604571050263
10.6906371556562
9.49079280973998
9.0951184047155
10.0274486268095
9.27468099947627
9.62451655476028
9.73175137233122
9.11836859658992
9.79130520833282
9.67003973253123
9.74242653417747
9.4023026174759
10.2862219512438
9.40637957011778
9.65496282175914
10.01341278843
9.65832526140304
9.43214212568193
10.084822524781
9.72486118830998
8.90661169589334
10.0935769544671
9.50471682974791
10.3827884345353
9.59333789649591
9.78097707064263
9.81564518863195
10.3269722634413
9.73074350003631
9.69615743109734
10.2329455590467
9.82017956442307
9.83970167721863
9.50201721346077
9.2917200022551
9.37881172328028
9.30806180777616
10.5045835613282
9.26749528826582
9.84118468303619
10.0459479478755
9.26799458108648
9.40450002087107
9.17343847570861
9.46585283496505
9.99673212678581
9.6246148985746
9.25278404852326
10.1865309566957
10.1238044447471
9.75225347060158
9.28661518779731
9.71781883229919
9.72365282254777
9.59919720109446
9.52642904052707
9.5303054277025
9.90620438829997
10.2268647078156
9.40837623420506
9.42889324920547
9.41468835630797
9.27549891670687
10.0767110424593
9.43687558832972
9.42746146574144
9.51492051989109
9.38244190927971
9.15976850074458
10.6814230404585
9.4850394570931
9.55803742998402
9.18806493048069
9.04112840401743
9.72760080761875
9.81080348587828
9.78368047951808
9.28578936234841
9.41164548826844
10.3020760733124
9.65244620358034
9.96742011738044
10.0634242877902
9.34867321177978
9.92958161751481
9.47522025614796
9.2722280494506
10.3818904529363
9.52045162028894
10.3471924335049
9.50415734930271
9.1041911505545
9.31911758678268
9.25126379214435
10.094323192934
9.16892184292677
9.56692653308071
9.38890259366799
9.55494552985007
9.28757667666402
9.54359845632958
9.40535328321932
10.0844629689884
9.3497736252457
9.3187703259879
9.47802672641887
9.69165076762116
9.57638963059985
9.00645349417699
9.8094724675237
10.5252881339564
9.85973623417136
9.58011156284226
9.40136098722415
9.5114897255795
9.77394131856093
9.96607839937041
9.94783413929662
9.91636483417473
9.65251397865889
9.46645551506877
9.70163791825364
9.82795546749855
9.30445355447082
8.7416578312532
9.64160159238437
9.77322897356925
9.70515457070622
9.50949028780902
9.61757127285022
9.42952874007907
8.96026063062406
10.2154631625772
9.24997169493593
9.36215381456222
9.24899526794686
9.70077498283747
10.6979594742832
9.43861245471102
9.69970841063485
9.45092750412723
9.618996160029
9.71828903909888
9.22089839579988
10.0198631936517
9.47274254468985
9.30962097658613
9.42598500764733
9.88518933231652
9.67655681702367
9.14192741682246
9.46537244647837
9.29381245113855
9.40999992561593
10.026642976951
9.97985336565007
9.40559004996282
10.3594298979504
9.49531063584775
9.79178844560289
10.1235702502354
9.64465603173825
9.62335302718937
9.96964841082511
10.0716810928326
9.3486599449422
8.8700541826534
10.1722673767008
9.60416518643402
9.86500202953362
10.1587133117953
9.02395464112359
9.75798731969168
10.0336529716121
9.94536389732729
9.65832372234579
9.57855479230607
9.48668424946279
9.5660264747722
10.158311033835
8.60740875381204
10.887471020332
10.0413920063031
9.55461420080721
9.39155457899867
9.55031614370431
10.2813420009444
9.41244553293231
9.64345566509718
9.63296434240965
10.0214622324015
9.6828207368557
10.0225364443116
9.93804902657403
9.19490811675586
9.02514989792378
10.1521607974465
10.2560842093522
9.56484561950166
10.056745987409
8.93939022097453
9.88589020455483
10.0247526588771
9.73747545002756
9.69406831315237
9.30315380471774
10.1898389543097
9.51054843074718
9.51227140027183
9.5914425161794
9.46934283150074
9.226317935659
9.91315207777582
10.2163841142261
10.2531792389027
9.94882452350015
9.4354923255369
9.5857414690036
9.43324846873358
9.68384630607381
9.46144501181061
9.1745688542504
9.07392255842004
9.24035953953624
9.85179860472548
10.0911063778838
9.39964304056945
8.93179593881982
10.1982942389691
9.97298384954141
9.64575295342616
9.90917153110832
10.4567164870075
9.31798989597524
9.5965370775021
10.1329560677592
9.99816002450258
9.70048534116902
10.100190354269
9.49614922875444
10.0850140979532
9.34800437508219
9.40519480240576
9.74133056822829
9.88446182314612
9.49470329882612
8.987781984747
9.55367543346643
10.1034897435621
9.73098124170838
9.50327054552636
9.55044942454567
9.61003472103199
9.66445861627251
9.14594441766552
10.7612783034442
9.567484296207
9.70592781606937
9.50915047994985
9.64710999022918
9.64958624974408
9.52447936828913
9.07699384014553
9.8481793067714
9.38130589767058
9.72265408676439
9.72938093097625
9.96082857078888
9.84061746438856
9.09531866700857
9.14824679401491
9.48525824841108
9.72241841227701
9.54034543058884
9.45089360585279
9.63708875575175
10.5962784511002
8.99710545140491
9.45829854842013
9.62227436705201
9.64758582409567
10.1217431876473
9.80540599021833
9.27915359664571
9.00837747327154
9.55456594738804
9.69500043637997
9.70896206874858
8.99783065090082
9.50992822978655
10.3096348455862
9.2732301145144
10.0921500330993
9.45217576401733
9.06767547671757
9.65580322155015
10.2114182827765
9.19203125024694
10.0003138770628
9.39033173754612
9.89548451969762
9.14056691534412
9.28353682013353
10.3794387441044
9.55891368228113
10.0203281291312
9.03014630226455
10.2891245722563
9.5648267636811
10.5026575635138
9.66619300760259
10.2796609645128
10.2479238624346
9.21737434533815
9.81929756459603
9.18992834739299
9.36599052788175
9.79277815185838
9.21139396755275
9.76589761992067
10.0253512219935
9.23070076497017
9.59092165477405
9.40277939489599
10.2229285651627
9.75480501981995
9.47562862372698
10.0128785397617
10.527760046052
9.30376066712092
9.56575656735027
8.94384706322279
10.5795274973536
9.28322280023179
9.76307111169292
9.71526759208115
9.77489269822357
9.72998001211297
9.77102004763993
10.254135532282
9.53042185859998
9.61024446578124
10.1804428173551
9.18509217292329
10.1693649740006
9.60397491995291
9.79448704134096
9.36057966900755
10.227667068173
9.37032262715919
9.10176804901597
9.49063863255765
10.1810877333589
9.48241379528871
9.57638904426278
9.43927888245863
9.61200461645051
10.2467437896127
9.82126144682586
9.31672799055871
10.7977557958691
9.89776683397687
9.77927847515445
9.85178833734466
10.6150639046976
9.31522358634672
10.0724440750202
9.73665762596334
9.80181876731653
9.36307382097709
9.49674941677203
9.43809169307029
9.83198452704538
9.98557584074601
10.0361320533617
9.7258005610611
9.74435215467356
9.23825629431307
9.71548311143388
9.11260674395436
9.23018615623754
10.218414833697
9.83105530757778
9.38833246715399
9.16725268005958
9.56639656853704
9.44312671084022
10.0425107593488
9.32521520946913
9.5417398831333
9.66823541824855
9.7171837904125
9.47641952255698
9.36987994921806
10.6786936033812
10.0625102174703
9.03838910695785
9.95409221609927
10.5808848956104
9.27147266939111
8.98813316244048
9.26745441789308
9.54375587041764
9.03552545077491
9.90305579054076
9.59895484692145
10.2201530966663
9.4286960969469
9.58156388138448
9.65079331874513
9.48368745088488
9.56018314612875
9.50901100400869
9.52395988276056
9.58764195979294
10.2207076213016
10.2890834659444
10.4987390344382
10.3264457147278
9.61270349284296
9.77077484211345
10.1150724591942
9.93042413420577
10.0223776495448
9.96828127312334
