0.452119946651262	0.288954966330435	0.103920065286733	0.0527848409416246	0.119593298731045	0.208474309854502	0.428629107997687	0.322662777448422	0.292077079441715	0.115614954447079	0.0754631140768495	0.0566833190621555	0.0725434570014886	0.0883235667541759	0.0815892159893385
0.335816771443202	2.51491696601518	0.322635395950664	0.185976462054102	0.0309405160385949	0.0737448671648818	0.297352956260996	0.373499994295509	0.320993739878716	0.236372448848371	0.119227440138117	0.0573238979399216	0.0754118146460465	0.170233575579069	0.0613609020569367
0.133130011378237	0.35564470820006	2.35381872195921	0.507958324661434	0.125833219247062	0.0487383793013054	0.0723525822600107	0.209477773858637	0.271119124951483	0.285927258794845	0.260405694590269	0.0940030095427169	0.0488220954135223	0.0564709412544722	0.142018094782348
0.0681618599927421	0.206641705918109	0.512016244205184	1.90285172243931	0.839207784860513	0.20724439991814	0.0523184084410275	0.155993247207584	0.157363949080639	0.314812028289479	0.310327362813011	0.236214633839925	0.0904960249710252	0.0537338908212319	0.078312252692421
0.160203688840575	0.0356632567917041	0.131578343941667	0.870568512145981	4.47648986020327	0.721335683774281	0.566189784684491	0.12411746875287	0.0946144828062503	0.195510357028707	0.293313786628416	0.327807597446748	0.219372334843759	0.146228719929818	0.0852783680121166
0.287403662641068	0.0874780981452492	0.0524486457410882	0.221253598062052	0.742354770520884	0.950826298250825	0.806708101773387	0.502224230350766	0.188164404695411	0.13045799867093	0.370086061307109	0.390365409916302	0.395072179727607	0.277061178481356	0.257955738613803
0.623950672901896	0.372450566137752	0.082214055990618	0.0589781173573192	0.615268894820504	0.851814957699203	0.931558396184741	0.756698820567701	0.52431680487563	0.176192813550736	0.278167290001457	0.416137304535286	0.500239597535375	0.506036746816614	0.33755023768845
0.506156434639208	0.504143619593576	0.256505857025832	0.189500114779528	0.145346017893335	0.571470481836399	0.815436889384238	0.698688435453674	0.571726197223501	0.278773035353578	0.193021960960354	0.204000698225112	0.386342860892164	0.719270671038781	0.269213408884983
0.526528393858387	0.497907493847775	0.381511747015643	0.2196834543566	0.127325758433173	0.246049244574927	0.649306124540003	0.65701686400108	0.849531827803787	0.494449986934056	0.389873523972696	0.23666247023323	0.311080000915389	0.485325815567708	0.424548272564715
0.243641761266735	0.428610053517591	0.470345204420016	0.513755896835505	0.307568475464938	0.19941998354963	0.255068783931363	0.374500659890533	0.578010554654627	0.660574694600255	0.550428820086554	0.270932632945378	0.172070346700969	0.244207430391331	0.383447295331419
0.163047509598495	0.221658019022151	0.439190933198432	0.519238996490786	0.473092710791807	0.580019268934343	0.412873405362128	0.265858332084409	0.467281805810311	0.564342677197989	1.48512012270635	0.523724889385887	0.399831114055991	0.318205488560689	0.493357537489979
0.117365096705632	0.102128554260517	0.151931871826244	0.378754910710638	0.506683820774157	0.586293748161883	0.591904636006346	0.269264716156687	0.271824603490751	0.266199532453095	0.50188874386649	0.788680400344576	0.622991788299906	0.299298831377984	0.227899960389694
0.127853973060561	0.114362371644503	0.0671669824333316	0.123513170006146	0.288623820693214	0.505071281904131	0.605655199354211	0.434063209787847	0.304133145250844	0.143907787566636	0.326146799239101	0.530291436690022	0.760950374038012	0.555622620658586	0.398548329544318
0.136487158346671	0.226354011434759	0.068118278129306	0.0643030045856842	0.168687229158684	0.310564003523544	0.537190905078169	0.708551873235612	0.416029634544992	0.179075572839867	0.227584883675623	0.223376008095854	0.487168423436349	0.655777310424858	0.473528259211937
0.362519419075597	0.234594611360796	0.492567370770642	0.269461061723897	0.282860125231834	0.831388390418504	1.03031100019452	0.762534167590972	1.04640853855656	0.808474779094634	1.01456724320035	0.489056546149667	1.00476275506225	1.36153629911267	1.1655870048047
